   3.3116691e+00  -1.4091088e+00  -1.1569720e+01  -5.9084254e+00  -7.0393986e-01   5.2740467e+00  -2.8091221e+00  -1.6091855e+00  -1.0164421e+00   1.7661125e+00  -6.7783150e-01  -3.0276122e-01   2.1420240e-01  -2.7269425e-01   2.6218823e-01  -8.5509567e-01   5.5528723e-01  -2.9197657e-03
   5.9538967e-01  -1.4169857e+00   2.2134542e+00   7.3245239e+00  -1.0249158e+00  -5.2139462e+00   1.5172429e+00  -3.7993785e+00   2.1604476e-01  -4.7605202e-01  -4.2858430e-01  -9.5257441e-01   6.9520312e-01  -8.3422202e-02   1.5196649e+00   3.7623403e-01   2.7820428e-01   7.4194444e-01
   3.0534750e-01   1.4576434e+00  -2.6732873e+00   5.3022700e+00   3.4960058e+00  -4.3692791e+00  -2.1468060e+00  -2.1072928e+00  -1.2912869e+00  -5.1017986e-02  -3.7000698e-01  -7.4715556e-01  -1.0285624e+00  -8.6679891e-01  -6.1311271e-01   1.0553136e+00  -1.4457753e+00  -4.8615399e-01
   3.1545608e+00   7.4036660e+00  -6.4113960e+00   2.1678038e-01   1.0623190e+00  -3.1277389e+00   6.6431557e-01   4.0247660e+00  -6.3785744e-01   7.5877004e-01   1.3321948e+00   4.7695149e-01  -4.9136209e-01  -2.1092175e-02  -7.5936841e-01   6.3586266e-01   3.8549759e-02   1.4838973e+00
   8.8006001e-01   6.7651584e+00  -2.8503927e+00  -4.5357903e+00  -4.7029414e+00  -4.7736431e+00   6.3021307e+00   6.4519277e+00   1.9253915e+00   1.2945604e-03  -7.1681228e-01  -7.3424695e-02  -6.1735196e-01   9.1367991e-01   5.3794366e-02  -4.9568162e-02   1.0510590e+00   9.8991131e-02
   2.2829484e+00  -6.3194087e+00   3.3198526e-01  -1.6524582e+00   2.4364437e-01   5.4643074e+00   8.5232170e-01  -2.5220260e+00  -3.6958879e-01   1.2690172e+00   2.9579721e-01  -1.2335418e+00   2.5984085e+00  -6.2273210e-01  -1.7567481e+00   8.6338930e-01  -9.6513977e-01   1.0991629e+00
   8.2364980e+00   6.9348885e-01   3.5493711e+00   1.2304349e+00  -2.3218693e+00  -9.0180250e-01   2.4564999e+00   2.8889086e+00   1.4054907e+00   1.3565916e-01  -1.7896470e+00   2.2466565e-01   1.1154436e+00   3.5782583e-02  -2.1803382e+00  -3.0177649e-01   5.0406976e-01  -1.4969586e-01
   1.4686021e+00   5.5689001e-01  -2.2826409e+00   2.9688048e+00   2.2717397e+00   2.4428169e+00   2.6047580e+00  -9.1924138e-02   3.6401425e-01  -4.9560683e-01  -1.9234039e-01   5.7120361e-02   1.1197763e+00  -1.9455750e+00  -9.3468238e-01  -7.1212464e-01   3.4498913e-01   1.7080693e+00
  -2.9153064e+00   7.6484130e+00  -5.6981135e+00  -3.4723691e+00  -1.7974871e+00   6.2126614e+00   3.8887225e+00   6.2291363e+00  -3.7838604e-01   4.2638732e-02  -5.4953717e-01  -1.4153076e+00   2.2565825e-01  -9.1577170e-02  -4.6537502e-01   2.9307032e-01   9.0173545e-02   2.8696570e-01
   1.3971327e+00   6.7884127e+00   2.4791179e+00   1.0777990e+00   5.7067016e-01  -1.9507475e+00   2.7735164e-01   3.9818271e+00   3.0907489e-01   2.4509261e-01   3.2652254e-01   9.0845557e-01   6.5271036e-01   1.6386371e+00  -1.1827466e+00  -1.1282721e+00   1.1996734e+00  -2.3983716e-01
  -4.9852099e+00   1.7984612e+00  -6.9855020e+00   1.3334096e+00   4.3257836e+00   3.8777913e+00  -3.9157549e+00  -1.5777583e+00  -1.5879531e+00   2.3466122e-01  -2.7801803e-01   3.1813152e-01  -2.7690829e-02   5.4627212e-01   3.1446591e-01   5.0930198e-01   3.3507068e-01   6.8248415e-01
  -9.6486651e-01  -8.6573784e+00   2.8672601e+00  -7.3342536e-01   7.5679077e+00  -2.3559400e+00  -2.0360159e+00   5.3749227e+00  -1.1785214e+00  -2.0041869e-01  -1.5994357e-01  -7.4883644e-01  -1.4825156e+00   1.0976350e+00  -1.1332180e+00  -2.2407032e+00   2.3665676e-01  -1.1029492e-01
  -2.8003411e+00  -4.2772795e+00  -2.0303475e-01  -1.7103364e+00   5.6071949e+00   1.2451432e+00  -4.9361674e+00  -1.8167074e+00  -1.2379433e+00   1.0237193e-01   3.1095733e-01   1.6525809e+00   2.5279374e-01   2.3406490e-01   1.2874015e+00   9.0356785e-01  -1.7111166e-01  -1.1443643e+00
   5.5573158e+00   6.0114382e+00  -1.0767204e+00  -5.3345956e+00   4.3316991e+00   1.0982634e+01   3.5729855e+00   2.7659284e+00   5.7195297e-01   1.9029741e-01   3.5292073e-01  -3.4064352e-01  -6.5652583e-01  -1.3182897e-01   8.7218520e-01  -7.0052887e-01   1.4307863e+00  -9.3979210e-03
  -3.0626983e+00  -6.6118469e+00  -9.9702247e-01   2.2117823e+00   5.0607189e-02   3.1406011e+00   1.8180098e+00  -1.5425506e+00   2.8738132e-01  -1.1924768e+00   7.5032850e-01   1.2974093e+00   3.5937626e-01  -1.7660975e+00   3.9948945e-01  -8.5479511e-01  -1.3739508e-01  -1.1194459e+00
   1.5580001e+00  -3.8482968e+00  -2.0128918e+00   1.7917776e+00  -4.7789454e-01  -1.3643002e+00   5.1760454e+00   1.0441253e+00   5.1500584e-01  -1.3273028e-04   1.6640597e-01  -2.3908044e+00  -1.7723385e-01   1.2606086e+00  -3.9568222e-01   1.6933765e+00   1.8499459e-01   8.5302184e-01
   8.8958270e+00   4.2077154e+00   5.4121053e+00   1.0915991e+01   9.3976853e+00  -7.6857680e-01   5.3930580e-01  -7.0946107e+00   2.9044922e-01   8.4921180e-02   3.3988727e-01   9.1369439e-01   2.2641827e+00  -1.1784267e-02   3.8535903e-01   4.6641053e-01   8.3878900e-01  -2.3144430e-01
  -1.6420333e+00  -8.2457296e+00  -2.6994281e+00   1.6534188e+00   2.8993265e+00   3.1556680e+00   6.1027996e-01  -2.6597107e+00   1.4182176e-01   9.0960576e-01  -7.2412720e-01   5.2523599e-01  -6.7761060e-01  -2.1477860e-01  -1.7133313e+00  -9.3794018e-01  -1.4828948e+00   1.8625362e-01
  -5.3177499e+00  -1.8925215e+00   6.6448083e+00   2.5073423e-01  -2.7088001e+00  -3.8406466e-01   4.0078526e+00   1.6299565e+00   1.4354023e+00   3.9258689e-01   2.6745261e-02  -8.4026759e-01  -1.1458119e-01  -1.4700432e+00   5.4928469e-01  -1.8581269e+00  -1.1387556e-01  -4.9662590e-01
  -2.2473154e-02  -5.4341627e+00   5.2152390e+00  -3.9207767e+00   2.7469458e+00  -5.6504178e+00  -1.5935267e+00   5.0617245e+00  -8.5448301e-01   1.3047373e+00   1.5878230e-01  -1.3972925e-01  -8.4643398e-01  -1.9620680e-01   2.6739031e-01   9.5204857e-01  -7.1013793e-01  -9.3473942e-01
   4.2901530e+00   4.5824613e+00   6.2703063e-01  -2.3708389e+00  -2.0181290e+00  -2.5106796e+00   3.7829524e+00   4.6210760e+00   8.5642107e-01  -8.1393348e-01  -1.7808695e+00  -1.5918436e+00   7.4393693e-01  -4.8627398e-01  -1.2223173e+00   6.5353718e-01   9.1169911e-01   5.5365832e-01
  -5.9788417e+00  -8.4889150e+00   4.1939099e+00   3.8121686e+00  -2.6044002e+00  -3.2021756e+00   3.2602943e+00  -1.8630308e+00  -1.3885050e+00   3.7357437e-01  -1.0087392e+00  -1.4842391e+00   5.6047977e-01   4.7658315e-01   1.4403279e+00  -3.6769086e-01  -1.1460913e+00  -1.4552131e+00
  -3.7318793e+00   3.5969524e-01   1.0193701e+00  -2.3812170e-01   5.8600683e-01  -2.2384673e+00   1.2431078e+00   2.3280222e-01  -6.2163713e-01  -9.1335324e-01  -7.4279430e-02  -5.0211629e-02  -3.8694984e-01   3.4897187e-01  -1.1904321e+00   8.7797659e-01   2.4794744e-01  -1.1527977e-01
   2.4675954e+00   8.2484573e+00   2.3425343e+00   2.0779650e+00  -2.8429783e+00  -3.4013680e+00   3.1567932e+00   1.4085163e+00  -1.0718670e+00   5.2365193e-01  -7.0546825e-02  -2.9522133e-01  -4.6671503e-01   1.3089862e+00  -1.5556426e+00   3.4810079e-01   9.4619539e-01   6.6422626e-01
  -1.0503496e+00   5.2306910e+00  -1.7010287e+00   4.6090427e+00  -1.2605615e+00   1.0806346e+00  -7.8585352e-01  -2.4188182e+00   1.5904310e+00  -8.3290140e-01   4.7362257e-01   2.8927872e+00  -3.0951525e-02  -2.6278276e-01  -5.5785000e-01   3.8745436e-01   1.6460708e+00   2.3303853e+00
  -2.3871428e+00  -2.7178099e+00  -2.4782176e+00  -4.6743957e+00   7.2555394e-01   2.2908214e+00  -1.1476635e+00   1.8462896e+00  -7.0103075e-01   1.3136219e+00   9.6586681e-01   9.7450829e-01  -6.4156660e-01  -3.8329022e-01   6.6671981e-01  -1.3132160e-01  -4.7522595e-01  -6.7219222e-01
   5.7144653e+00  -6.3280226e-01  -8.3035545e+00  -5.7565338e+00   4.0222622e+00   6.0476964e+00  -3.0514719e+00   2.5841813e-01  -1.2843011e+00  -4.5399020e-02  -1.7868068e+00   8.0081776e-01  -5.7890817e-01  -8.4757623e-01  -1.9583929e-03  -2.1667031e-01  -1.6407784e-03  -2.2423814e-01
  -5.8526436e+00  -5.5942377e+00   3.6564585e+00   1.2807800e+00  -6.9015726e-01  -5.4857118e+00   4.0236749e+00  -2.1390545e+00  -7.7695064e-01   1.3861802e-01   1.3485373e-01  -3.2342598e-01  -9.3943052e-01  -6.2192142e-01   8.4661161e-01   8.1075829e-01  -3.2684240e-01  -1.6385158e+00
   6.0156991e+00   7.6432882e+00   2.3053484e+00   3.5918686e+00   2.7926604e+00   2.1081046e-01   1.2157161e+00  -3.6112472e+00   5.7295638e-01  -4.9525453e-01   4.5118335e-01  -1.2200930e+00   2.2730853e+00   1.2331736e+00  -8.8976131e-01   7.5484606e-01   4.2737071e-01  -9.5298147e-01
  -5.3582214e+00  -5.4494729e+00   5.9763981e+00   3.2366204e+00   5.2105634e+00  -3.0786530e+00   5.1211005e-01   1.2391596e+00  -1.1619081e+00   4.3988228e-01  -1.0379681e-01  -8.4213508e-02   1.0317616e+00   9.5253195e-01  -4.6109529e-01  -8.1362657e-01  -7.0700948e-01   4.8548586e-01
   6.1140118e+00  -6.5477613e+00   6.1001913e+00   4.2199300e-01   1.6834774e+00  -3.3356660e+00   1.3879791e+00   8.5244799e+00  -1.8928967e+00   7.5524648e-01   2.0403645e-01   4.1931579e-01  -1.6070823e+00  -1.4980065e+00   3.1622302e-01  -1.0337926e+00  -5.8371939e-01  -4.6225209e-01
   4.8574578e+00  -1.8252772e+00   3.4233420e+00   7.2496600e+00  -4.4370249e-01  -1.4773184e+00   2.8447897e+00  -1.9476078e+00   2.0213530e+00   6.7159636e-01  -8.8857109e-01  -1.0974024e-01   5.3760079e-01  -1.3151713e+00   1.9104305e+00   2.3204049e-01  -3.8038881e-02  -4.6278253e-01
  -4.0545052e+00  -8.1298503e+00  -5.0336587e+00  -1.2285428e-02   9.2847508e-01   1.2518655e-01  -2.7858968e+00  -2.1797991e+00   1.7958233e+00   4.7931152e-01   3.5900784e-01   5.2310451e-01  -6.1081096e-01   2.3817313e+00   8.9661207e-01   1.0627789e+00  -3.6263077e-01   1.4935845e+00
   5.7425644e-01  -4.5778917e-01   4.0202318e+00  -2.0737682e-01  -1.6069459e+00  -4.4645428e+00   1.9320444e+00   1.3063749e+00   9.5231138e-01   2.5958580e+00  -1.9634095e-01  -4.2291667e-02   5.7826722e-01  -1.5413711e+00  -1.4016496e-01   9.4992656e-02  -1.8949844e+00   6.7561555e-01
  -1.0393232e+00   4.9308944e+00   3.8101414e+00   3.4814321e+00   1.6555228e+00  -1.3727750e+00   4.6120566e+00   2.6209992e+00  -8.9845960e-01  -6.2423206e-01  -6.6513933e-01  -5.3487342e-02  -8.5924724e-02  -1.2377689e+00  -3.7874337e-01  -9.6227735e-01  -7.2316363e-01   7.2344606e-01
   8.4856158e-02  -3.7153188e+00   1.7299199e+00  -3.0736440e+00  -3.0520967e+00   5.6786755e+00   1.2300393e+00  -2.8228419e+00  -3.2942023e-01  -2.0604889e+00  -2.2113677e+00   1.0338392e+00   1.5334342e+00  -1.1756956e+00   6.8543095e-02   4.0826708e-02   9.4569931e-01   9.4934324e-01
   4.4395302e+00  -1.2397404e+00   3.9894082e-01  -2.6430441e+00  -2.1321822e+00  -5.2738584e+00  -5.5671892e-01   1.5287970e+00  -1.4102275e+00  -6.3848013e-01   1.5178918e-01  -2.4045185e-01  -2.7811061e-01  -1.1348109e-02  -4.4590398e-01   9.3368884e-01   2.0170318e+00  -1.4683087e+00
   8.3167911e+00   3.2421497e+00  -6.6270090e+00  -3.5446775e+00  -4.4613770e+00  -3.8374577e+00  -3.7012391e+00  -1.9902629e+00   1.1014815e+00   1.1501766e-01  -5.0711005e-01   1.0068069e+00  -1.3616398e+00   5.7067278e-01  -1.4168827e+00  -5.9373188e-01   1.7917197e+00   8.9454514e-01
  -4.7088152e+00  -1.5502116e+00   1.9084330e+00   1.9141214e+00  -1.7783413e+00  -4.2693395e+00  -1.9781816e+00   2.2219842e+00  -5.9238880e-01  -7.7575009e-02   5.4433230e-01   3.0370108e-01  -9.2889745e-02  -1.0083789e+00  -2.0812305e-01  -1.0773183e+00   1.2413797e+00   9.7879117e-01
  -3.8581672e+00  -8.8891805e+00  -2.5748295e+00   1.6261542e+00  -1.4966056e+00  -9.8422166e-02  -2.6168035e-01   1.0892141e+00  -1.4966928e+00  -3.7298369e-01  -3.5570175e-01  -5.1180011e-01   7.6611964e-02   6.4245868e-01   3.8702111e-01  -1.6816068e-01  -1.6163917e+00   1.1173019e-01
   1.5542450e+00   5.3291857e+00   4.0863619e+00   3.0349887e+00   2.8626804e+00   2.7418237e+00   9.2023809e-02  -2.7420732e+00   1.3053811e+00   3.4363802e-02   1.3490212e+00  -4.1410627e-01   1.0598358e+00   4.6179337e-01   2.1426421e-01   1.7267916e+00  -1.3046735e-01  -7.9605768e-01
   5.0415955e+00   6.1905715e+00  -3.9737280e+00  -7.0851801e+00   4.3232382e+00   6.4658777e+00  -4.5160388e+00   4.5685965e+00  -1.7320314e+00   1.4580592e+00  -2.0514155e-02   1.3665988e-01   8.0849304e-01   1.0990233e+00  -1.2094778e+00  -1.2012808e+00  -7.6308462e-01  -2.1676246e+00
  -3.0210647e+00  -5.4716493e+00   5.6648758e+00   3.5179735e+00  -5.9394997e-01  -5.1068924e+00   8.5534660e-01  -2.5887999e+00   5.8154660e-01   1.9563267e-01  -8.9125898e-01   3.5589017e-01   1.8031552e+00  -1.0454009e+00  -2.3522043e+00   2.0819765e+00   5.2960998e-02  -2.0089712e-01
  -3.1871553e+00  -4.2716886e+00  -4.1233204e+00   1.8450137e+00   1.5922692e+00  -3.9637611e+00   3.5900214e-01   3.9852247e+00   1.7078557e+00   1.2834620e+00  -1.7538462e+00  -3.6512368e-01  -8.1621939e-01  -1.3326705e+00   6.4770910e-01   4.6942271e-01   6.4616656e-01   4.3798487e-01
  -6.2151201e-02   8.5287777e+00   2.0313798e+00  -1.8539876e+00  -2.6909375e+00   5.4532288e+00  -8.6319227e-01  -5.2977633e-01   1.6762348e-01   7.1168264e-01   6.9076006e-01   1.4245790e+00  -3.2319648e-01  -7.7024213e-01   3.7940693e-01   6.5437339e-01  -6.7819028e-01  -8.8434510e-01
   8.4633617e+00   1.3936296e+01   6.3528875e+00   3.9619467e+00   8.1401462e+00   2.9521002e+00  -2.2719817e-01  -3.5164388e+00  -8.9706325e-02  -5.8167360e-01  -1.1489651e+00   1.4321907e+00   7.1946196e-01  -1.7960137e-01  -4.7299352e-01   9.4849919e-01   3.5948571e-02   5.0560060e-02
   8.3854665e-01  -5.9766627e+00  -3.6896061e+00   5.1012975e-01   5.4883261e+00   3.1900653e+00  -1.6228646e+00   1.2113298e+00  -6.1848245e-01  -3.6856964e-01   1.3735123e+00  -1.8630116e+00  -4.3270982e-01   7.2924390e-01   1.5709054e-01   2.7120393e-01   1.5979020e-01  -2.3303063e-01
  -4.0369226e+00  -3.9795738e+00   3.7017058e+00   6.9578247e+00  -3.8164241e+00  -7.0921801e-01   3.6129990e+00  -4.2445100e+00  -2.6757520e-01  -2.1907543e-01   1.4408033e-01   1.1693895e+00  -1.0253223e+00  -1.9597121e+00  -6.4103054e-01  -6.5246603e-01  -1.4260901e+00  -1.9365769e+00
   2.2430427e+00   4.6224008e+00  -1.7197478e-01  -3.6733489e+00  -8.4360540e-01  -2.0133998e+00  -5.7496141e+00  -3.2620082e+00   7.0030802e-01  -3.2821124e-01  -1.0592852e+00   1.9306961e+00   1.8441196e-01   6.3230295e-01   7.8248106e-02   7.7495972e-01  -7.0514011e-01  -9.0759740e-01
   2.4217213e+00   4.2688549e+00   6.2685909e+00  -1.4828174e+00   1.6011215e+00   7.1611871e+00  -3.4472566e+00  -5.4704825e+00  -3.9248042e-01   1.2489647e+00  -7.6231910e-01  -1.4674675e+00   2.1695252e-01  -5.0612002e-01  -9.4243797e-01   7.9416756e-01   1.7663565e+00  -8.2876530e-02
   7.5361400e+00   1.5937096e+00  -2.4763629e+00  -3.6205728e+00  -4.3692396e-01   8.0225452e-01   7.4153409e-01   3.9264382e+00  -7.0696491e-01  -1.5201986e+00   1.5944002e+00   1.4022021e+00  -1.0326938e+00   6.4648135e-01   7.4138240e-01  -7.4921798e-01  -2.4623467e-01  -9.1307068e-01
   9.0189069e-01   1.5371186e+00  -4.8575914e+00   5.3887196e+00   7.8869359e-01   1.8436275e+00  -7.7266656e-01  -1.6173557e+00  -2.0677647e+00   1.5450673e-01   8.6452801e-01  -3.8118995e-01  -1.5598961e-01  -4.9048166e-01   1.9731589e-01  -9.1827715e-01   1.3359500e-01  -1.1791060e+00
  -1.3338634e+00  -7.0574156e-01  -2.3585034e-01   6.6053904e+00   2.6963115e+00  -7.1533560e-01  -3.6860660e-01  -1.4499987e+00   1.0888382e+00  -5.8284980e-01   2.5494888e+00  -1.5618340e-01  -1.7342738e+00   1.3968956e-01  -1.2285219e+00   9.3563098e-01   6.2951009e-01   1.0795101e+00
  -3.9908652e+00  -2.4900223e+00   1.5808089e+00   8.3043955e+00   5.2887293e+00  -6.1480870e+00   1.8466749e+00  -4.2598334e+00  -1.0968235e+00   2.4843790e+00  -1.0632990e+00  -7.5504317e-01   9.9385058e-01  -6.8627213e-01  -1.5232114e+00   1.0551125e+00  -2.6020027e-01  -2.1857868e-01
   1.4391271e+00   3.2337892e+00   2.5149735e+00   1.5481769e+00  -3.2831086e+00  -2.3242301e+00   1.6209344e+00   1.1858273e+00   6.4562196e-01  -1.6593775e-01  -3.6304902e-02   5.0456149e-01  -9.1323932e-01  -1.0403539e+00   6.1942187e-01   4.7339312e-01  -2.8839254e-01  -7.4544898e-01
   1.1331640e+01  -1.9863467e-01   2.6572096e+00   2.8504571e+00   1.3745586e+01  -2.8106964e+00  -4.4569090e+00  -2.7250926e+00  -7.3838861e-01   1.0962047e+00   6.2655666e-01  -8.7524678e-01  -3.5721580e-01   4.6021906e-01   2.8903727e-01   1.1026727e+00  -1.5701598e+00   1.2458054e+00
   4.4609249e+00   9.0759835e+00  -5.5983344e+00  -3.7962187e+00  -4.3454332e+00  -2.3519879e+00  -3.8372332e+00   2.2053846e+00   1.3689573e-01  -1.2224639e+00  -3.3759745e-02   6.3135081e-01  -1.7162656e+00  -2.0262627e-01  -4.3123620e-01   8.9469859e-01   9.4733833e-01  -3.4406445e-01
   1.8949517e+00  -1.7993498e+00   9.0917242e+00   3.2543171e+00  -1.8316001e+00  -3.8427656e+00   2.2187910e+00   1.7317894e+00  -1.7155219e-01  -1.5034448e+00  -1.8903215e-01  -9.2242815e-01   1.5316641e+00  -6.8442525e-01   2.1467088e-01   1.4515183e-01   1.0592781e+00   3.1503933e+00
  -3.4893655e+00  -8.6960878e+00   1.5659643e+00  -1.6646596e+00  -1.7225686e+00  -1.5670270e+00   1.1656109e-01   2.0157064e+00  -6.7548381e-04   9.5192006e-01   1.9209339e-02   1.0976421e+00  -4.6908283e-01   6.7275836e-01  -2.1872442e-01  -1.4211278e+00  -1.3711920e+00  -7.9048119e-02
   2.2396716e+00   2.7085685e+00  -3.9288480e+00  -2.5648172e+00   4.5738965e-02  -1.4294200e+00  -6.1121614e-01   7.3906246e-01   3.2359753e-01  -2.5350927e-01   1.1217097e+00   1.1449399e+00   6.5168372e-01   1.1742125e+00  -2.3444729e-01   4.1565609e-01   1.6818162e+00   1.8937173e+00
  -3.2523651e-01  -2.5922714e+00   1.8797994e+00  -7.5719401e+00  -5.9665654e+00  -3.6840412e+00   3.9579979e+00   2.2069566e+00  -1.2226592e+00  -1.9543796e-01   1.1008097e+00   1.0055052e-01   1.5256164e+00   1.0189405e+00   7.9671658e-01  -1.9732279e-01   5.1947429e-01  -8.2725171e-01
   5.7059841e+00   2.2244395e+00   1.1818059e-01  -6.4648762e+00  -3.5427404e+00   7.4384185e+00   1.9313665e+00   2.9311405e+00  -8.4675250e-02  -1.2804733e+00  -1.5314534e+00   1.3297028e-01   3.0217090e+00   4.3281831e-01   5.3290424e-01  -3.9386093e-01  -8.5330968e-01  -2.5871619e-01
   4.9691902e+00   2.8125120e+00  -8.9738248e+00  -2.4716033e+00  -1.9817869e-01  -3.5391916e+00  -4.9450982e+00  -6.6849431e+00  -1.0369643e-01   2.0610791e-01   9.6613735e-01  -1.7283635e+00  -2.1905833e-01  -3.2173685e-02  -2.9573561e-01  -1.7010592e+00  -3.8334777e-02  -5.2967020e-01
   8.9487352e+00   7.0433479e+00  -4.3057195e+00  -4.4165827e+00   1.4347147e+00   7.4980902e+00   3.5756696e+00   4.4282305e+00  -1.7881704e-01   1.3296757e+00   5.2175918e-01   9.3080196e-01  -8.7202143e-02   8.8499728e-01  -6.9462233e-01   1.4226296e+00  -1.7916725e-01   9.9647542e-01
  -1.4088658e+00   5.8836968e+00   2.4413939e+00   2.4591787e+00  -2.4307556e+00   9.2818890e-01   4.8523215e+00  -3.5942663e+00   1.4018545e+00  -1.7122236e+00   2.4165222e+00   1.4582004e-01  -1.0895375e+00  -4.4642618e-01   2.7464550e+00  -8.0325103e-02   1.8410179e+00   1.5069816e+00
  -8.6645050e-01   4.0165953e+00   6.6197252e+00   5.4890413e+00  -7.6119304e+00  -1.5912493e+00  -3.7121832e+00  -1.2954913e+01  -7.2917256e-01  -1.7348731e+00   7.3969340e-01   1.9571843e+00  -2.3559553e-01  -9.5685198e-01  -1.0965183e+00   5.5523731e-02   1.0343173e+00   2.6120381e-01
   5.8884365e+00  -1.2503549e-01   6.0343248e+00   2.1098900e+00   2.0227168e+00  -1.1605754e+01   3.4492291e-01   2.9290981e-01   2.5818491e-01   4.3672030e-01   2.3988631e+00  -3.6438026e-01  -7.4631931e-01  -5.5726299e-01  -2.5273672e-01   8.3859247e-01   1.4729116e-01   1.4586310e+00
   6.3532195e+00  -2.6877175e+00   8.1659592e-01  -5.6585897e-01  -1.5374681e-01  -1.0640746e+00  -2.6929043e+00   3.4204247e+00   4.3768122e-01  -2.5720366e-01   6.5392837e-01   1.4498074e-01   7.9555083e-01   2.1922643e-01  -2.8703444e+00  -5.9791574e-02  -3.0892744e-01  -4.9266332e-01
   4.1374470e+00   5.9467036e-01   6.5078833e+00  -3.0038074e+00   5.8375158e+00   2.8083163e+00  -2.0467087e+00  -1.8523742e-01  -7.2308901e-01  -1.1176901e+00  -8.5646702e-01   3.2800839e+00   7.3207146e-01   1.2392450e-01   2.4941922e-01   9.9621066e-01   5.2204764e-01   2.3180065e+00
   5.3742738e+00   4.6996236e+00  -3.4827102e+00  -6.7127899e+00   2.6617685e-01   2.2791977e+00  -4.8791709e+00   3.5773008e-01  -1.9684641e-01  -3.7962243e-01  -1.4790027e-01   4.1864751e-01  -1.6998838e+00  -3.9884683e-01   1.6626585e+00   1.9024551e+00   5.1686048e-01  -7.6835513e-01
   7.2870690e-01   2.4298323e+00   4.7252719e+00  -1.9435836e+00  -4.6161666e+00   5.8163564e+00   2.8630498e+00  -2.5818755e+00  -8.3306531e-01  -1.6151735e-01   6.7772285e-01  -1.2656771e+00  -1.2448355e-02   3.6139450e-01  -4.9681594e-01   7.0991110e-01  -6.4754958e-01  -2.7220166e+00
   7.6118002e+00   9.8942978e+00   5.3886478e+00  -6.5288853e+00  -5.5247437e+00  -9.0770697e-01  -1.9076805e+00  -1.5276807e+00  -1.5451503e+00  -2.9207831e-01   2.2393112e+00  -7.3235184e-01   3.0574027e-01   1.8372870e-01   1.0555597e+00  -1.4342439e-01  -7.0357133e-01   1.6782424e+00
  -3.1112312e-02  -1.1383798e+00  -6.6490466e+00  -7.7414830e+00  -5.7980153e+00  -1.8447359e+00  -1.5031385e-02   7.8127346e+00   8.1687367e-01   1.0501531e+00  -2.0104130e-01  -8.6934325e-01  -3.9327757e-01  -3.9044983e-01  -5.4969273e-01   6.8179752e-01  -4.1810882e-01  -2.0095178e-01
   8.5269977e-02  -2.9362128e+00   1.4329297e+00  -4.0016392e+00  -2.5826815e+00   5.5313467e+00   1.8079007e+00   1.0510778e+00  -2.3203093e-01  -2.1108389e-01  -1.0390067e+00  -1.0456013e+00  -1.8566889e-02  -6.2677157e-01   4.6922034e-01  -1.5817900e+00   8.7132270e-01   2.4650730e-01
   6.7768923e+00   7.6916793e+00   2.4518022e+00  -2.7107680e+00   1.0526785e+00   1.0021204e+01   1.6640096e+00   3.2622352e+00  -1.3304191e+00  -2.1820864e-01   2.3420132e+00   1.5469776e+00   9.8710447e-01   3.9445420e-01  -6.3458606e-01   1.9128436e+00  -4.1249579e-01   1.0592038e+00
   7.6173657e+00   1.2156258e+00   3.1554508e+00   2.5350297e+00   1.5743505e-01  -3.4881411e+00   7.6376498e-01  -4.2004548e+00   1.4977820e+00  -1.4481570e+00   2.5929418e-01  -1.0363027e-01   4.4274412e-01  -3.4036625e-01  -9.4508720e-01   7.1000417e-01  -1.4988482e+00  -1.8117045e+00
   2.9331129e+00  -3.0422292e-01   1.1134682e+00   4.5633637e+00   5.3446141e+00  -3.6074520e+00   3.2407875e+00   5.2005431e+00   1.8242637e+00   4.7428668e-01  -1.2351533e+00  -4.2387219e-01  -5.6647532e-02  -6.5191997e-01  -3.8386732e-01   2.2106168e-02   3.5828097e-01  -4.4801342e-01
  -3.7426296e+00  -6.8625338e-01   1.4774092e+00  -9.1560533e-01  -8.9863792e-01  -4.7777703e-01   1.1989070e+00   1.2844368e+00   6.9541880e-02   3.6762065e-02   7.3777918e-01   1.5474573e+00  -1.9934467e-01   1.0982797e+00   4.5196854e-01  -7.1268449e-01  -1.4798871e+00   3.8406983e-01
   4.3547493e+00   3.6488564e+00  -2.0590238e+00  -1.2311117e+01  -6.3723736e+00   1.6552353e+00  -1.6230542e+00   7.0163798e+00  -2.5859161e+00   2.8849817e-01  -1.0921859e+00   1.1987630e+00   6.8095437e-02   1.4795165e+00  -3.5332377e-01   8.7849209e-01   1.5133749e+00   1.3643326e+00
  -3.4332693e+00   6.9665962e-01  -1.4236834e+00  -6.0750733e+00  -7.5301634e+00  -1.5851441e+00  -5.4910447e+00  -4.0712141e-01  -1.3858966e+00  -1.0403622e+00  -1.0207513e+00  -1.2613749e-02  -1.4336066e-01  -2.8055386e-01   9.1128631e-01  -5.1424790e-01  -9.2759404e-01  -7.4895108e-01
   2.5743518e+00   8.2172685e+00  -6.8797490e-01   9.5369971e-01   3.7458125e+00  -2.9560088e+00  -3.2450847e+00   7.1208865e-01  -5.5221184e-02  -6.6413218e-01  -1.5748586e-01  -5.9877617e-02   3.1410546e-01  -1.5407877e+00   7.4670472e-01   1.6057573e+00  -1.0921069e+00   6.1459226e-01
  -6.7550052e+00  -1.1036573e+01  -3.4129332e+00   6.4993330e+00  -1.4982922e+00  -3.1888103e+00  -2.0299363e+00  -6.4466306e+00  -1.7016488e+00   2.7637798e-01   4.0770769e-01  -4.0002702e-01  -1.3168042e-01   6.9512118e-01   1.7411672e+00   7.6425534e-01  -8.2615373e-01   7.1668806e-01
   5.3926966e+00   2.1916663e+00   1.8069954e+00  -7.2111026e+00  -5.0017836e+00   3.8182534e+00   8.8978689e-01   4.9909782e+00  -1.9470492e+00   1.2570302e+00   8.4860037e-01  -9.7436175e-01  -1.2733609e+00   1.8402820e-01  -2.0394737e+00  -1.7150396e+00   4.2378119e-01   7.8837428e-01
   7.6949234e-01  -1.7056774e-01   6.4933680e+00   5.2146220e-02   4.1693538e-01   6.0361605e-01   7.9172934e+00   6.6670726e+00   1.0388542e+00   1.2242850e+00  -1.3069284e+00  -5.5512963e-01   1.4155024e+00   3.6333711e-01  -3.4642013e-01  -1.3551054e-01  -1.3138956e+00   2.9120654e-01
   3.5840942e+00   6.4232064e+00   1.1086332e+00   1.0549404e+01   3.8197214e+00  -5.7163193e+00   1.7088574e+00  -2.8911751e+00   1.9057275e+00   1.7207030e+00   4.6045647e-01  -3.4112675e-01  -1.1144161e+00  -2.1275136e+00   1.5216387e+00  -6.3753446e-01   2.7636162e+00   9.5304577e-02
   4.5934557e+00   5.6051539e+00   1.0096049e+01  -1.5268976e+00  -1.7573812e+00  -1.2539415e+00  -9.2193674e-02  -6.4375756e+00   9.7047123e-01  -1.5180434e+00  -5.2750607e-02   7.5155468e-01   1.8569258e+00   1.0484185e+00   3.9898788e-01  -8.4753842e-01  -7.2723308e-01  -3.4517028e-01
   2.9418626e+00   1.9331840e+00   9.3467060e+00  -4.9624914e-01   4.1434046e-01  -5.0389407e+00   5.1084700e+00   2.0921205e+00  -9.7452021e-01  -2.4011966e-01   4.6358726e-01   8.7055747e-02   4.5547402e-01   4.3701309e-01  -1.6193152e+00   9.5149394e-01   1.1394571e+00   5.4993418e-01
   2.6796300e+00   1.5352399e+00  -1.9949835e+00  -6.3705836e+00  -3.6601295e+00  -3.8892805e-01   5.2796668e-01   3.3783890e-01   1.6290194e+00  -1.1159189e-01   4.7051357e-01   2.0312870e+00  -1.2758466e-01   1.5132585e+00   8.9109617e-02   3.4274902e-01  -1.1264158e+00  -7.0948049e-01
  -8.4104382e-01  -3.2106609e+00   1.6018838e+00  -1.4683637e+00  -1.6476476e+00   2.0260160e+00  -4.2530612e-01  -5.7909085e-01   1.4250104e-01  -2.3411788e+00  -4.9696027e-01  -3.1767273e-01  -4.3554094e-01  -8.7074617e-01   6.9239757e-02   4.6460168e-02   9.3754438e-02   1.8450469e+00
  -2.6200135e+00  -9.8426654e+00  -4.0325602e+00   4.7336367e+00   3.2045029e+00   2.6337960e-01  -5.2067265e-01  -3.5632554e-01  -1.2162070e+00  -5.0372187e-01   4.1656773e-01  -8.4391274e-01  -8.2013263e-01  -1.6324130e+00  -1.6656259e-02  -5.9518536e-01  -7.6741984e-01   1.7193250e+00
   2.1787528e+00  -1.6462942e+00   1.0469346e+00   8.6826517e+00   8.8270791e+00   3.3894172e+00  -2.9462500e+00  -7.0712932e+00   7.4091061e-01   6.3015049e-02  -3.6833207e-01   5.9524990e-01   3.5387095e-01  -8.6504512e-01  -4.2264710e-02  -6.9203212e-01  -2.5037413e-01   6.4441740e-01
  -6.0955361e-01   5.5471534e+00  -7.2698528e-01  -3.8307522e+00  -3.7242006e+00   4.4500007e+00  -2.4597874e+00  -2.9525961e+00  -7.7161087e-01   2.0200067e+00   8.8564829e-02  -9.3030548e-02  -1.6146134e+00  -2.5401508e-02  -8.4472241e-01  -8.5342342e-02   1.0464899e+00   7.1633648e-01
  -3.3611583e+00  -7.7904121e-01   1.6054734e+00   9.3127280e+00   6.0623153e+00  -3.8001219e+00  -3.9511744e+00  -2.7913200e+00  -1.5449587e+00   1.3971318e+00  -9.7220769e-01  -6.5657008e-01   6.9342947e-01   4.0529103e-01   2.1789477e-01   8.7967917e-01   1.9887621e-01  -9.1101632e-01
   1.1211070e+00   3.8051881e+00   5.5133919e+00  -6.3516007e+00  -4.8033366e+00   1.9559990e-01   3.4938607e+00   3.3939008e+00   7.8951889e-01  -5.4419160e-01   3.1705654e-01   1.3305164e+00   5.4563595e-01  -1.2994267e+00  -2.1247001e-01  -4.7562621e-01   8.9399365e-01  -9.8880121e-01
   3.0202576e+00  -4.1572215e+00  -1.5979654e+00  -1.0683331e+00   2.4541286e-01  -3.2552104e+00  -9.9179670e-01   1.4324632e+00   7.2835662e-01   1.2838868e+00   3.5858277e-01  -6.6250402e-01   3.8244271e-01   8.0406424e-01   2.0850000e+00   9.3149206e-01  -2.7018122e-02   2.1856052e+00
  -1.1826595e+01  -4.7110631e+00   3.2385347e-01   1.3900153e+00  -6.7454041e+00  -7.9561826e+00  -2.6372510e+00   3.9628360e+00  -1.5607285e+00  -3.2564259e-01   5.7141228e-01   1.3922458e+00  -3.5033219e-01   8.5799463e-01  -2.3040403e+00   7.8418897e-01   2.4759568e-01  -3.5391384e-02
  -1.2489905e+00   2.2429406e+00   2.7619599e+00   2.2483086e+00   7.2669988e-01   6.4344497e-01  -1.0615001e+00  -9.0469638e-01   1.3437645e+00   9.2062068e-01   7.0012091e-01   1.2447275e+00   2.0830861e+00  -4.9457210e-01   4.7473041e-01   1.2840683e+00   1.5183140e+00   9.7363084e-01
  -7.6023487e-01   8.4979657e-01  -9.2259899e-01   4.2373789e+00   3.5571808e+00  -9.3317954e-01  -5.6427368e+00  -3.2410158e+00   3.2227630e-03  -1.1642212e+00  -1.6341193e+00  -1.4382408e+00   1.2131875e+00   1.6803709e-01   1.8239622e-01   3.9243760e-01  -1.9958611e+00  -7.8412114e-01
  -2.5058519e+00  -7.7638831e-01  -4.4320884e-01   1.9209619e+00   4.8415132e+00   2.2989732e+00   6.0909119e-01   4.3982734e-02  -5.3233107e-01   1.7412989e-01  -5.3637541e-02  -8.8514452e-01  -1.5179591e+00  -3.0289077e-01  -7.9043698e-01   5.3046349e-01  -1.8350099e-02   5.8421829e-01
  -3.1398588e+00  -5.5566872e+00   7.2426729e+00  -1.3920686e+00  -6.6518009e+00  -7.0828262e+00   2.0788067e+00   1.9797368e+00   2.5541378e-01   1.6313756e+00   7.4859375e-01  -4.2283948e-01   1.2509896e+00   1.3238090e+00  -1.1621437e-02  -1.0899204e-01  -4.2014038e-01   4.1256768e-01
